1.844962866485928110e+00
1.737895940417764074e+00
1.773330374371023144e+00
1.947119622491376933e+00
1.725011393310112329e+00
1.959363964864792251e+00
1.731085658230002711e+00
1.973683520048313822e+00
1.640059025855772790e+00
1.699317526626153541e+00
1.670505961573896636e+00
1.989216462810859287e+00
1.601662019252100722e+00
1.824750391329393207e+00
1.730567810980887300e+00
1.871263771950543386e+00
1.862110160110609369e+00
1.801091152544079588e+00
1.964830314360047403e+00
1.809759979074873071e+00
1.753918298184447888e+00
1.780272329492649686e+00
1.639835820182417470e+00
1.634241613722021480e+00
1.886650152241863054e+00
1.894497270438899594e+00
1.819873661122018982e+00
1.987287531837801380e+00
1.719596089748291812e+00
1.982263924634252383e+00
1.824799909541779730e+00
1.960158146913870691e+00
1.851322697573527076e+00
1.948054368081959309e+00
1.867152578642748972e+00
1.870695145909322177e+00
1.924149107053342300e+00
1.667347547757001891e+00
1.900622444148023948e+00
1.883057468210963092e+00
1.885839027858416506e+00
1.732674214232289067e+00
1.990068683829309570e+00
1.622488046033137232e+00
1.674900315706459475e+00
1.689458653992404580e+00
1.898825143896833989e+00
1.794099903138940633e+00
1.826325834266110837e+00
1.779539654697495310e+00
1.898225429127379460e+00
1.974960386437552895e+00
1.636033777307108306e+00
1.840968969458556703e+00
1.678231514370901234e+00
1.958334448773659142e+00
1.922236396666043845e+00
1.880982641385966270e+00
1.833663246849394302e+00
1.770584890859048244e+00
1.681246305008226249e+00
1.693510430865905469e+00
1.621586312133220353e+00
1.934439024436835908e+00
1.760374052327292382e+00
1.739408476276201432e+00
1.693517953711516366e+00
1.794755927058033551e+00
1.870202669028838249e+00
1.801597612766103307e+00
1.733646262467243515e+00
1.899588113636601738e+00
1.807245916802202590e+00
1.764022213889534063e+00
1.828703262651026673e+00
1.793263971093957077e+00
1.886950958207149087e+00
1.888150143001215753e+00
1.781853126635252194e+00
1.928974380266866406e+00
1.776920814046862418e+00
1.757131163763826498e+00
1.943392238532681615e+00
1.938544326730195388e+00
1.652452479478586644e+00
1.693786657769232429e+00
1.660629161263770914e+00
1.949403989979286766e+00
1.773737561272425323e+00
1.833631012263926330e+00
1.885265632044386797e+00
1.620945827396337302e+00
1.998906116848570225e+00
1.726110081578123623e+00
1.865934217326449929e+00
1.995208238891771124e+00
1.750431672869513733e+00
1.776325505133296234e+00
1.988739796229712642e+00
1.719867029533760139e+00
1.840639296576899397e+00
1.943665179398543996e+00
1.846057045368081351e+00
1.950063509327576217e+00
1.661152886592155431e+00
1.753202813041449870e+00
1.613412762228116692e+00
1.690044836366449088e+00
1.613460326481671148e+00
1.864194573066094929e+00
1.741998872359621808e+00
1.673731557735791409e+00
1.947744140517272848e+00
1.956600892142385195e+00
1.805821472361758495e+00
1.722404491915855873e+00
1.989013386428289287e+00
1.730599438179130756e+00
1.790237580650533067e+00
1.756151336794523621e+00
1.818538404369867356e+00
1.629585718800409033e+00
1.722377651524808373e+00
1.724087388410167954e+00
1.735552665621153734e+00
1.987000866564954116e+00
1.778225812435564990e+00
1.922575100724986497e+00
1.921284214361701492e+00
1.885496905922742439e+00
1.815939668138686347e+00
1.785054311471794719e+00
1.872408904358705772e+00
1.737477329546352811e+00
1.862369523583099262e+00
1.935902950271900735e+00
1.688363628046793741e+00
1.796828475761246491e+00
1.715985273902458585e+00
1.678631942877270466e+00
1.859031986516560986e+00
1.883363856930804880e+00
1.705368575906885509e+00
1.921454331494819368e+00
1.609558396967319949e+00
1.946312954800930584e+00
1.963706683135612252e+00
1.700033080302346011e+00
1.655106006018310039e+00
1.907083196578308160e+00
1.809582174335946148e+00
1.652634953767796677e+00
1.926597148742557941e+00
1.702556120119153471e+00
1.627967591102948974e+00
1.724644431089616514e+00
1.978227150770888620e+00
1.924809505827975498e+00
1.897479131442934897e+00
1.854177134090260415e+00
1.939712197304800156e+00
1.818980188667686848e+00
1.929507317689848289e+00
1.866312925087975083e+00
1.772431292410738601e+00
1.948304537732171049e+00
1.752347789448111648e+00
1.670213404873484464e+00
1.600436172384521072e+00
1.662396277269997391e+00
1.812631887843225487e+00
1.831467698533209232e+00
1.666507764021856852e+00
1.733672616776050335e+00
1.876620397010648755e+00
1.820296359056102542e+00
1.652396290061099116e+00
1.815160685695052178e+00
1.689486053966570367e+00
1.638583902658277136e+00
1.789318690691774849e+00
1.686535123490671362e+00
1.601670515520619675e+00
1.881785622351110909e+00
1.884581853298641807e+00
1.897977094411078536e+00
1.717557996505919338e+00
1.721971314592490199e+00
1.937013585665638082e+00
1.798268242683979778e+00
1.698672283284960338e+00
1.701702543890069030e+00
1.752715093152449333e+00
1.670144548564698184e+00
1.654403013690651347e+00
1.792074442360938713e+00
1.749603708315298212e+00
1.664927449640969392e+00
1.889727292477064280e+00
1.764192247604404518e+00
1.676793838163666450e+00
1.933475093556751512e+00
1.771562764785160171e+00
1.833596408226415120e+00
1.987615139907700446e+00
1.895779839880026962e+00
1.905630067090530400e+00
1.916009968612799153e+00
1.846964780651981997e+00
1.654490794762303318e+00
1.843104490774144733e+00
1.971475356720900685e+00
1.688587192059551656e+00
1.765724596685276371e+00
1.750522571805045446e+00
1.853472484020719735e+00
1.992550676067562421e+00
1.705882201790576591e+00
1.744450137090950648e+00
1.814024431229009471e+00
1.784928224506487027e+00
1.655613030185782764e+00
1.822911863596204718e+00
1.827478701837019326e+00
1.635325593177616277e+00
1.626068293848619950e+00
1.978792595195914217e+00
1.713022557790923273e+00
1.612569655099153509e+00
1.680680816481040507e+00
1.888099745178182687e+00
1.865393215833825113e+00
1.627327347450282957e+00
1.604314756583550938e+00
1.798046096050446740e+00
1.892340216008193465e+00
1.628097336689227737e+00
1.759123404418509340e+00
1.897333516924136987e+00
1.882368410870712161e+00
1.925217511845760843e+00
1.697371890081766477e+00
1.931001449769759848e+00
1.901103380250911634e+00
1.958543106334651007e+00
1.850453138901135608e+00
1.732834852398344117e+00
1.753367134883182521e+00
1.884423261691937856e+00
1.785710156374478164e+00
1.933160826469755733e+00
1.964841932275217751e+00
1.711912433714476656e+00
1.723628099477428233e+00
1.731073607101421663e+00
1.730484131218266830e+00
1.637148260956666546e+00
1.742222061263400068e+00
1.738830385450361060e+00
1.677044591404960761e+00
1.677130308714475992e+00
1.817076346249679730e+00
1.912023937679137475e+00
1.730891550032648496e+00
1.706330128404015101e+00
1.818888394381230400e+00
1.855746157716513522e+00
1.926011614863222920e+00
1.761425057398093186e+00
1.626980576396262812e+00
1.754398830793448161e+00
1.670872384961034962e+00
1.961244559795793929e+00
1.999096972291215968e+00
1.767179109690426353e+00
1.971537203015383710e+00
1.902292925215076647e+00
1.944330725059531861e+00
1.782487571287185268e+00
1.833621933078463329e+00
1.719037126314267194e+00
1.686854858424527093e+00
1.760264886522514338e+00
1.838440033818883546e+00
1.999364230298648071e+00
1.669674727320844543e+00
1.888851304551284471e+00
1.963950371097539671e+00
1.991088364924501253e+00
1.805880663845232714e+00
1.957383623956643781e+00
1.792928577176425620e+00
1.635680949289421537e+00
1.712173196119257446e+00
1.740442660370573380e+00
1.979238812541905146e+00
1.641035692446529692e+00
1.634055253663486917e+00
1.646576811020280973e+00
1.702504999318748657e+00
1.725048898656607044e+00
1.811665987697543834e+00
1.992141871436497791e+00
1.924933800959128583e+00
1.839592020855298937e+00
1.709991559407819883e+00
1.616340075143085864e+00
1.795296025548079655e+00
1.930014752787367893e+00
1.994122740064723232e+00
1.650445848867033938e+00
1.644863862072691196e+00
1.747791520141338317e+00
1.638876900368198219e+00
1.633164283631557634e+00
1.745410544186704049e+00
1.868561194863038732e+00
1.673238097793191548e+00
1.908153759094697088e+00
1.771650421568417455e+00
1.904869125038179956e+00
1.701008622804784487e+00
1.919289713055843283e+00
1.906310880258024865e+00
1.692681372573886733e+00
1.802780551805701847e+00
1.950554412122227799e+00
1.832796020042780416e+00
1.954229983592703501e+00
1.648844278695536181e+00
1.892847424366711495e+00
1.956835257371778214e+00
1.876495500978734299e+00
1.688113480073877293e+00
1.676289844657793848e+00
1.724144013978875956e+00
1.999018973007983480e+00
1.840371874739573421e+00
1.800698167998772137e+00
1.734712905448174691e+00
1.804253199609532121e+00
1.645515566854286238e+00
1.957243740191610515e+00
1.760605134055849508e+00
1.906017089374380635e+00
1.962842027240269349e+00
1.820076611421485913e+00
1.609473393560524102e+00
1.601449494509874727e+00
1.798795369002440081e+00
1.655903401301137112e+00
1.666281417476328519e+00
1.922080293342993684e+00
1.696262811017276828e+00
1.711142775774739500e+00
1.755822651150360292e+00
1.885563290576454332e+00
1.642218734526208479e+00
1.824954365436771031e+00
1.616290453056229870e+00
1.974049348912587654e+00
1.639448194850016360e+00
1.646339987423861562e+00
1.780274736236622468e+00
1.739359082873082274e+00
1.717222634395761283e+00
1.620772951269445095e+00
1.705734879524418490e+00
1.703034894861290782e+00
1.932065701510204292e+00
1.814328678939124417e+00
1.717805349650245672e+00
1.775395612864850703e+00
1.769943843190210364e+00
1.902155116669199897e+00
1.959080361239415424e+00
1.964844909559516406e+00
1.642516434654392787e+00
1.715796477933417608e+00
1.620287901461171076e+00
1.964906568623907113e+00
1.614118567689401651e+00
1.895018579014016158e+00
1.949264009290439414e+00
1.924543328242680040e+00
1.620829550731201829e+00
1.745631404995453329e+00
1.913741275765745486e+00
1.840779969200463606e+00
1.920654750584770420e+00
1.899245002621466893e+00
1.665972274289350796e+00
1.648947734376549956e+00
1.910943995560695496e+00
1.808374405097581628e+00
1.998087141240735942e+00
1.622944947557844797e+00
1.990794514158311657e+00
1.972908527658345790e+00
1.727671966147766192e+00
1.609030520614131099e+00
1.903942993303137543e+00
1.986879652307184330e+00
1.680078260021489189e+00
1.675057586376885510e+00
1.929327846666731627e+00
1.682407551319389016e+00
1.869262905344607928e+00
1.660924286012609663e+00
1.618664161622326736e+00
1.897545352155560749e+00
1.613123218440081663e+00
1.899625972193033974e+00
1.896359620951201475e+00
1.755088394491034709e+00
1.892185603742347011e+00
1.846464336385039928e+00
1.961142214802646500e+00
1.796610366417622728e+00
1.948863237260043180e+00
1.883697785249525358e+00
1.998284642286586532e+00
1.908913143924286571e+00
1.793957060883828669e+00
1.784648780393393253e+00
1.664682357339227758e+00
1.907147955553106566e+00
1.806763483336240705e+00
1.986539665201637828e+00
1.834802591872287225e+00
1.994105139398789195e+00
1.885070650162561590e+00
1.896667406157178215e+00
1.837534037912582185e+00
1.840238342811462591e+00
1.967365158431553018e+00
1.655581488094384213e+00
1.813724647131015111e+00
1.744391088777655030e+00
1.618646598665458125e+00
1.824526931722624257e+00
1.960040207899324205e+00
1.893166710736855718e+00
1.942723653264997408e+00
1.626576117904371399e+00
1.719926284787174353e+00
1.824848677396498919e+00
1.893883230339383550e+00
1.710797648908262136e+00
1.968770739686575455e+00
1.877068158429902711e+00
1.687584064703732789e+00
1.936255894984185044e+00
1.743684371978004854e+00
1.703268072385520027e+00
1.904668895400554396e+00
1.652186480044985029e+00
1.945779377669648369e+00
1.820293067386497876e+00
1.668106903903514571e+00
1.741190168795350601e+00
1.998163503935867613e+00
1.755882397485903024e+00
1.692712451712408361e+00
1.908247549864898751e+00
1.958431084959547208e+00
1.718179830760259597e+00
1.698819027029139672e+00
1.677401764566951003e+00
1.909192187385325035e+00
1.931078611271744183e+00
1.848651702981781053e+00
1.853872463718043484e+00
1.949358849978584995e+00
1.887399152600902630e+00
1.676672461885325260e+00
1.801916360531084838e+00
1.700208454521783707e+00
1.766145564052619354e+00
1.617601482385821798e+00
1.903129948502327196e+00
1.639864745109037569e+00
1.953934854580887226e+00
1.646377477079813190e+00
1.907622904082221460e+00
1.707682505332859924e+00
1.679444327493655020e+00
1.897202615252544300e+00
1.710258129526712967e+00
1.765106522495482055e+00
1.984597631008366392e+00
1.874095786936202046e+00
1.713148283586010123e+00
1.948635790856736216e+00
1.639353219250651250e+00
1.982019555522980259e+00
1.861686658399551719e+00
1.910004822791142809e+00
1.754453520551647161e+00
1.990765186734384073e+00
1.751560470783948720e+00
1.821298314133553031e+00
1.710779513493535298e+00
1.795045509989658727e+00
1.972024544027946247e+00
1.982933126595692208e+00
1.819443986932508972e+00
1.776851965171821979e+00
1.721228335888990157e+00
1.735500014404001368e+00
1.815906541542323005e+00
1.892897794423014535e+00
1.607491046704381477e+00
1.951567234389642413e+00
1.835495881428134579e+00
1.966741482883269665e+00
1.675327246873828724e+00
1.842983902698395626e+00
1.636916893101642012e+00
1.836722509517628721e+00
1.720999528767818809e+00
1.737122126299773583e+00
1.710697372009990946e+00
1.774869365742044680e+00
1.617303175750081090e+00
1.774798973842795613e+00
1.780424345311081735e+00
1.947851059136489260e+00
1.673607852878248980e+00
1.806989431504692156e+00
1.984129241126003862e+00
1.618797902278262146e+00
1.683644509536482925e+00
1.657983358819770769e+00
1.831778386918810897e+00
1.834383399991615038e+00
1.681507810617991705e+00
1.784371314992373003e+00
1.727322267983062876e+00
1.766747482603834074e+00
1.648961789613832885e+00
1.813709749272948368e+00
1.924800715233449644e+00
1.799311735484265817e+00
1.630329853049605759e+00
1.749210455159162070e+00
1.868527904106053850e+00
1.627123388186671793e+00
1.781919575831913294e+00
1.889835442205602956e+00
1.980566148447992614e+00
1.718194814574385942e+00
1.755620473519972524e+00
1.696290995718449324e+00
1.838549263021876712e+00
1.932172243138094325e+00
1.760245200595044190e+00
1.817072692764993169e+00
1.698937540931589441e+00
1.953340236944287600e+00
1.715694753442050802e+00
1.668299633871020760e+00
1.964834870420648194e+00
1.890707420085308899e+00
1.852831101865567431e+00
1.716225171857687748e+00
1.722434300780641525e+00
1.971514423720288400e+00
1.849267221076641654e+00
1.778896434724127396e+00
1.865000808082224015e+00
1.945271608323484447e+00
1.898642216496133406e+00
1.665567895050340086e+00
1.912112309754451012e+00
1.825468289216534590e+00
1.649273580906714054e+00
1.972428000540445980e+00
1.833868630131948008e+00
1.933001533837133579e+00
1.936399942176821876e+00
1.777066439322154467e+00
1.938303734969673231e+00
1.901840457760362257e+00
1.931831931906461408e+00
1.657494660141575205e+00
1.674744636783106255e+00
1.752347540945066395e+00
1.816496156990501820e+00
1.807242273795441223e+00
1.756984235853598308e+00
1.992722026825765269e+00
1.976883907267648732e+00
1.982937295018440738e+00
1.754220661065572395e+00
1.624389291489329867e+00
1.855122835744459353e+00
1.663018656905716375e+00
1.949485688573591391e+00
1.972042039098822030e+00
1.751947423158431327e+00
1.903016742656638449e+00
1.994185422709599198e+00
1.772312091035500581e+00
1.877528367491882122e+00
1.797568378000958367e+00
1.892431464694315668e+00
1.743337006690550028e+00
1.847370558573338872e+00
1.970036840517958909e+00
1.630543983278053943e+00
1.745739887933882573e+00
1.988700979016443382e+00
1.636839408919968708e+00
1.624527214935149289e+00
1.810706648900533677e+00
1.746012483383978742e+00
1.949607532678598876e+00
1.718904513026232816e+00
1.643628210435774006e+00
1.998719085325445732e+00
1.644504526925690602e+00
1.739233265081333579e+00
1.992806079442061007e+00
1.840159364623381588e+00
1.604348625875533507e+00
1.757805239883851289e+00
1.887999378573239184e+00
1.941051091340252777e+00
1.645145815684251778e+00
1.989883077411130019e+00
1.980353099984669463e+00
1.790668952324547591e+00
1.838248478848635958e+00
1.812500002884461781e+00
1.808964077064503018e+00
1.696450113110206326e+00
1.904091364924437313e+00
1.601231367415674178e+00
1.998353265424066993e+00
1.897353864391756240e+00
1.793983520809963705e+00
1.683208441736406380e+00
1.637578886148343349e+00
1.624025496504324373e+00
1.733885266436838712e+00
1.944567987557558553e+00
1.978523073937900723e+00
1.644319420859182035e+00
1.846124622581846175e+00
1.703519513125480556e+00
1.985982038408751649e+00
1.700850614876000755e+00
1.695512304168419249e+00
1.964196753738725043e+00
1.679407883094249820e+00
1.742568489308937041e+00
1.975922728406894091e+00
1.973982633535745768e+00
1.841778779436890723e+00
1.923599949931268149e+00
1.656574275976531396e+00
1.747488145307010798e+00
1.603981351249810672e+00
1.814144628733328490e+00
1.889165478836314582e+00
1.719542568133366922e+00
1.896305851476828952e+00
1.835673904403136936e+00
1.787325775568560093e+00
1.985135449270407193e+00
1.836165570531022695e+00
1.709646637847827222e+00
1.886530368037641070e+00
1.627885649046577399e+00
1.932501529874869339e+00
1.667283767857364873e+00
1.668468512079840815e+00
1.833211272944962777e+00
1.999488140841272132e+00
1.750768612318187145e+00
1.833754548190467570e+00
1.925447723678785250e+00
1.723481637854261450e+00
1.985381109863037175e+00
1.969065814338407883e+00
1.669678597507910478e+00
1.772314344107298600e+00
1.723786038345610283e+00
1.752700354441100172e+00
1.665081445722894848e+00
1.679070495268015550e+00
1.946061481953668348e+00
1.753504890532875171e+00
1.617450870642898053e+00
1.828181418040457196e+00
1.801738611193714812e+00
1.799177232093253975e+00
1.701563513489430912e+00
1.840931216313226759e+00
1.608584231846838186e+00
1.731956411699791420e+00
1.792227871973340880e+00
1.896226893059074214e+00
1.686884781377298248e+00
1.637367626320465286e+00
1.780589771186821269e+00
1.871758856917151714e+00
1.757479671438177293e+00
1.943616627703848909e+00
1.789456103491327221e+00
1.882177646629062284e+00
1.669331280249155780e+00
1.653407732119848594e+00
1.930940705215156150e+00
1.878554638674164501e+00
1.699465321977310817e+00
1.699096336558801879e+00
1.891360448407193973e+00
1.677167394357361063e+00
1.693309132699095443e+00
1.664050223149501129e+00
1.845358727992359338e+00
1.667247578829966104e+00
1.605701091710264095e+00
1.923484577699253739e+00
1.601518530461318868e+00
1.813807772549944630e+00
1.681923496074870572e+00
1.738418298624920144e+00
1.829022903469327943e+00
1.773016077212697050e+00
1.675670136559894496e+00
1.882316067499112178e+00
1.944142699317271905e+00
1.663238819287759407e+00
1.778522441140441224e+00
1.701545158939980151e+00
1.911573382743491312e+00
1.616869736794252610e+00
1.750680134320251602e+00
1.658681821694597325e+00
1.622502112446110978e+00
1.677491811900737817e+00
1.940116552961140162e+00
1.741012151112484752e+00
1.965732313048661917e+00
1.807251632837642230e+00
1.776903193530392722e+00
1.801026324959857705e+00
1.906983143635611500e+00
1.828526629696545003e+00
1.638917255036728360e+00
1.666092108800057536e+00
1.819563230862194514e+00
1.832338119738840865e+00
1.845126168099706199e+00
1.905678064459377596e+00
1.928458704194627060e+00
1.747330032676110534e+00
1.755904564423488967e+00
1.641666432751714977e+00
1.967835448927297781e+00
1.770721876209876644e+00
1.750448287180353946e+00
1.682983477251444926e+00
1.796796842623489265e+00
1.602608503021053066e+00
1.768183782739136234e+00
1.608761989092880373e+00
1.907587299090007349e+00
1.649026576148699075e+00
1.915340517324539693e+00
1.741505719486303505e+00
1.947655861926204324e+00
1.600459830338326395e+00
1.954375006293095351e+00
1.687198073036613843e+00
1.714896417218512603e+00
1.837157151207637895e+00
1.847104063960355091e+00
1.762135206026035128e+00
1.844298410384288323e+00
1.888576832921152082e+00
1.856626066305967271e+00
1.786571827990623307e+00
1.704840451068319496e+00
1.617329099887899524e+00
1.915155510239106462e+00
1.648845478001913945e+00
1.732907322055893928e+00
1.864179188625921135e+00
1.749748507745821247e+00
1.653377114214344745e+00
1.903112016982275279e+00
1.946405219070503012e+00
1.816857309312183588e+00
1.702853696960031638e+00
1.888402026523565702e+00
1.972212049561016700e+00
1.640013771595200565e+00
1.615670918180737159e+00
1.617303035613983031e+00
1.997227214904344184e+00
1.896573730820565462e+00
1.810398740634396431e+00
1.775480065308912891e+00
1.665104829411421239e+00
1.767902727345658676e+00
1.815245290178420179e+00
1.996069309823915283e+00
1.971905625019468644e+00
1.680223082664437095e+00
1.951674051486880002e+00
1.998362793795298797e+00
1.949141382345646933e+00
1.697292409382645584e+00
1.703772153757384222e+00
1.933125921762777422e+00
1.780058468460823162e+00
1.719869938337093007e+00
1.792380595650792996e+00
1.619928942118651127e+00
1.673874155585466594e+00
1.652438925257262436e+00
1.891370269007310867e+00
1.707888311223369371e+00
1.744249851915582905e+00
1.857969557567238583e+00
1.971184032412393927e+00
1.708745231358158589e+00
1.653625464803170741e+00
1.813730349896616634e+00
1.620766436982283176e+00
1.917258388324481588e+00
1.844378240755048415e+00
1.819753214735050140e+00
1.622512102306709725e+00
1.754894331454402101e+00
1.725265530288917715e+00
1.863934876734295809e+00
1.668494882253880984e+00
1.658150737866143754e+00
1.949039541444837598e+00
1.847517579025614198e+00
1.989552883148957951e+00
1.730220092295503109e+00
1.835858812172532994e+00
1.609610484832619370e+00
1.687497770838682687e+00
1.632536690533558543e+00
1.660392829918805102e+00
1.865638112417487005e+00
1.771069927161087021e+00
1.914153241854208876e+00
1.823094249525145427e+00
1.606020256096703847e+00
1.635767909517320096e+00
1.911644259161816795e+00
1.860722831360553942e+00
1.616465407788694852e+00
1.833247565887876407e+00
1.713078863978524158e+00
1.921267008665737297e+00
1.666167736269926314e+00
1.884792133180350104e+00
1.903738911117572652e+00
1.875467295388316247e+00
1.956100262624301811e+00
1.794283954587239771e+00
1.793280580013452585e+00
1.868463658700806773e+00
1.786463337169218457e+00
1.787752998726850340e+00
1.727677828784394354e+00
1.672368955965865656e+00
1.927470888902935053e+00
1.649197102481509747e+00
1.748020027247143116e+00
1.735550529485310189e+00
1.677446678500597921e+00
1.874346933843286322e+00
1.803346080046299926e+00
1.899237745552157630e+00
1.977895214336695906e+00
1.966588065930844120e+00
1.689211364647071001e+00
1.638993276816730127e+00
1.615494187075117383e+00
1.749367564582529067e+00
1.736547111562990686e+00
1.828395681612114965e+00
1.790995201761296673e+00
1.934852954493081256e+00
1.936569027746825711e+00
1.897453642195091827e+00
1.862446642287105103e+00
1.816712950946034022e+00
1.978838685411033360e+00
1.770804943728569336e+00
1.831265129876832987e+00
1.786765514023751278e+00
1.943551387882481274e+00
1.801684074175092576e+00
1.891018722589043799e+00
1.998675380860927220e+00
1.812573080102241052e+00
1.738475101940464729e+00
1.916751877296722917e+00
1.644029120740452266e+00
1.624707620249534745e+00
1.631438321994969076e+00
1.677824534089390696e+00
1.907027817256029767e+00
1.754511950928285824e+00
1.734582267551592505e+00
1.754061703117449023e+00
1.740043200565680070e+00
1.888277299398356313e+00
1.738971386059442015e+00
1.971502237953163927e+00
1.883727152312606901e+00
1.891560359652117329e+00
1.938290650735811305e+00
1.749738596865167306e+00
1.994157052638950933e+00
1.759250002105194666e+00
1.893423172198963833e+00
1.867828820317214422e+00
1.702922556484762096e+00
1.640092232149509055e+00
1.656976473357193447e+00
1.689070714514173233e+00
1.784826885202682956e+00
1.991834991553639078e+00
1.997411315237444418e+00
1.802301404912683536e+00
1.964890438781832893e+00
1.881619232176018786e+00
1.901551927586259350e+00
1.981444732984210422e+00
1.715982584035154357e+00
1.955061239769698478e+00
1.668981155633078028e+00
1.929685160757108164e+00
1.803573528764750522e+00
1.938388497490338258e+00
1.722349434392446144e+00
1.613020368736313603e+00
1.740587181596627619e+00
1.937038559307839192e+00
1.791667664571508167e+00
1.924084871146852116e+00
1.947820691821548600e+00
1.967197927629757315e+00
1.608354382008918781e+00
1.890853473346822300e+00
1.708239653762492427e+00
1.977390721309988386e+00
1.825939338263190548e+00
1.763989006367586931e+00
1.796690197915651988e+00
1.634275939560553947e+00
1.962321876083488625e+00
1.903691758003887680e+00
1.767597303102697692e+00
1.802969240414214802e+00
1.810052258082928356e+00
1.648848795992789329e+00
1.639742495307319636e+00
1.605847412662216422e+00
1.693200728696347301e+00
1.727328857830058295e+00
1.942273470012674919e+00
1.651338348043498883e+00
1.709876273603383012e+00
1.983522367019700861e+00
1.697856223054879710e+00
1.790050069705128699e+00
1.736952644423538583e+00
1.601308122883091212e+00
1.793167029364223231e+00
1.690504323962396027e+00
1.643663045745215934e+00
1.830748429293809876e+00
1.886851233009855910e+00
1.703786281335018415e+00
1.643282154358023384e+00
1.665506644160239080e+00
1.706233439016677345e+00
1.876704569921980870e+00
1.911934154923608409e+00
1.992029386342623942e+00
1.827179953319350902e+00
1.769100914664862190e+00
1.600010819799513540e+00
1.813853639631329617e+00
1.644581597860808930e+00
1.690544066699983805e+00
1.617784522413947990e+00